-3259
-6590
5197
-2272
207
1078
2291
4677
2179
-1407
-1376
-8129
6102
-4721
-8040
-8287
2590
-9837
9391
-9779
-5388
-6437
9880
-9282
4770
-4847
-2020
-5020
26
-5460
733
-3319
-5430
-4159
-4243
5125
694
-3260
7867
-8281
9148
100
-36
-6517
4583
3007
-7530
9807
8437
7448
-979
-8678
-3535
-7813
5564
-5246
8104
6246
6989
-7802
7394
-2640
8508
509
-81
-8919
-8329
2499
-4647
-5578
-2900
-3822
9431
-8677
-4408
-8637
-8931
3695
-9590
7624
8675
8757
-4643
-13
-5239
9382
1146
-8276
-2747
-9736
278
3441
2475
-7324
5931
9891
4875
-1376
-1785
-5406
-5515
9984
5254
-2638
-2674
4462
-2141
1848
2422
6336
-5228
1406
-852
-7651
4024
6742
-4318
-4447
-4031
1431
2146
-1505
-529
1064
-8558
-6533
-1065
2215
-1831
-6686
2033
-6120
3954
5292
-9929
-2064
-3410
4114
-4368
-4237
5299
-2675
3423
-1338
-9566
6567
4907
8521
1428
-4347
-6701
-9093
8279
-2660
-8040
-3822
892
3346
-6742
92
-5932
-5135
-4656
2278
-4672
-2422
8300
5845
-9114
-5214
-4626
3559
-2045
1911
3941
-8321
8189
-3971
-7073
-9886
8128
9449
9277
9179
-8454
6533
-5692
-2943
-1389
8965
4530
-6921
9307
-2554
-4928
-6670
-2246
-1008
-429
8299
4436
-2900
-6052
-1821
-9420
4977
-9291
-596
-8547
9608
5843
-1095
-3963
4190
-7789
8268
4631
-7301
-6061
-8181
-279
6486
9603
492
4009
2293
5827
-1869
8686
7121
-6106
-2143
7313
1482
-3247
-2914
781
6930
2868
-9456
-8834
5136
4898
-6260
2048
-7279
-179
-2210
-517
4869
9243
-5988
9734
2110
5310
-1364
8972
492
-5976
-756
-9124
7840
6884
-236
-9270
7600
-7435
9024
-712
8337
2467
-2299
4283
-7275
-3523
1217
-3845
-4626
-6799
9724
-7651
-8539
5706
-4181
-6888
2781
-4659
-8950
7815
3802
-2133
9498
6100
-3277
6365
-9478
4318
-528
2475
-9201
1192
-3998
-5087
9432
-240
-5717
7837
-4877
-612
-5752
-955
-2557
-3001
-1723
3357
8387
8007
9970
3850
-4056
2043
-2659
6566
380
1648
-6560
3237
-924
7955
7374
3379
-6661
2895
-663
9625
-7795
3366
8567
9383
586
7182
-4363
-6481
-342
-9646
9421
4491
-1344
5504
2831
-6488
-1510
9218
-5946
4453
-5302
-6973
8651
9426
979
-5692
8151
-6678
5022
-916
5747
6111
-8459
-7879
2330
-825
5309
-9093
8105
5137
1527
-4824
-3100
9584
-4128
-6907
8845
-6281
-5655
1465
-3177
-8571
-2928
-3564
-3927
1938
1091
-9674
3035
-5112
3727
-8000
2420
244
3785
-6116
2634
-1024
1740
-8675
9384
403
-6198
-3812
-8392
-7593
-6763
-7009
9014
-3596
5499
5631
1765
1408
2224
2587
209
-2791
-861
-2007
-300
2566
-7571
-1296
-4672
-7296
-6833
-9478
-90
4804
-3594
-3308
6271
-5078
7004
-2631
-4262
-4075
9147
4364
-7973
-5014
-1993
-3097
-7947
2506
2091
2184
1057
-1844
-6568
-5133
-7206
5054
8299
-4529
1499
4790
-6476
-3965
9081
4233
-1342
-9591
6907
-6645
-6553
1797
8528
-8504
-534
-7361
-6977
6585
9061
-9451
7659
5302
4266
-7390
-2812
-6884
-5180
-480
8425
999
3030
7379
-2514
-3158
-9760
5282
6479
-6699
213
5534
-1305
9174
759
-3914
4752
9687
9797
3086
1153
4931
-4524
-8745
8745
4610
-1710
-5899
-3851
-7735
-5082
-3654
-9314
-5668
9861
-954
3283
468
-8774
-6714
219
8147
5339
-8507
1552
-2435
3120
7100
6394
469
-5197
-2909
-5564
5740
-5099
-4537
-8772
-1348
3505
4175
211
-8385
-5744
-4756
-3786
-663
5277
9779
6320
-2991
-8398
8552
8624
8920
-9182
-5406
1227
6766
-5654
-1695
-6590
9271
9016
-2832
-2833
-802
7851
2852
-3719
1982
-5663
-6661
-6359
-7572
-7512
3397
3763
-4246
4460
3460
-6546
8580
4712
-9969
-8304
4385
-8917
3442
6675
5483
-3079
-1963
1196
-2722
-2418
7170
5536
-8081
-3344
-1507
-1654
-8751
9812
7249
1970
-9537
-4435
-4002
-4775
7553
-6540
-5884
-9031
7686
-7902
-3142
-7244
5546
5258
-4009
-195
-7585
-6773
4550
-264
7493
9432
-4566
4487
610
9101
-6504
7606
-1522
-3832
7656
6881
-9194
-7928
9642
-8341
-9644
-3592
6040
1184
-5532
-2559
-1162
-4999
-8921
-8257
7641
7916
4295
-6914
9919
475
9966
-9776
-9288
4340
2343
-441
-1883
-5846
4103
-5883
4890
-2969
-7118
6266
7491
-4967
29
-944
-2102
8466
-8575
-8623
8424
9683
4165
-8658
5623
-8454
-4833
-2917
-4021
3744
-6574
-2091
1135
5851
-3639
-8533
972
-5666
-2893
2492
-9392
-6301
9278
3681
9453
-221
-1641
7591
9093
-8083
2255
-29
8439
-946
-6103
1928
3488
5701
-184
-2028
-4168
7986
1248
2425
-7592
7521
3525
-5407
-238
-2395
2479
-9414
9837
64
-1645
1823
5692
386
-7480
9967
246
9656
7165
-3993
-7762
4770
7841
1411
-2224
-8212
9945
8574
-6066
-5537
-2697
-5528
-153
8146
9456
7157
-687
-4666
-7494
3039
2666
-5989
-9510
-4684
-2468
-2835
7971
3319
5773
2823
3984
-2718
-7065
-2810
1530
-4562
-6148
8057
-239
-8603
9890
7899
4168
6956
-413
1578
4033
3980
-7453
5330
2808
-4998
-9622
817
5699
-7905
3919
-5615
-768
-2878
5221
5922
8085
-5015
5187
7023
986
6419
-165
-1390
1954
5160
9672
8122
1180
5826
5768
7326
-3726
-9563
5760
4160
-6383
-83
5848
-5736
-6290
9789
3613
4949
-8219
8032
4730
-3068
5684
-677
9392
-3278
-130
9418
-9031
-211
-8541
685
7569
-918
-717
9633
-3676
-1552
9357
-4521
-6027
8741
6022
4072
-3875
-6083
-9670
-4002
7698
3143
9775
6772
8506
7372
-1522
4381
3708
-37
1325
-4301
-7959
2808
1101
-3100
5320
-9980
-1369
-5255
4805
9466
-40
2397
4440
627
-869
9907
382
-2584
-4160
373
589
-8571
802
2018
-2879
-7121
741
-9399
8773
-4912
5575
9283
2952
5952
9637
-520
1735
-3665
3090
8805
-635
-4509
-2762
-7674
9604
7082
426
-6765
9401
-1899
3649
7202
1532
7853
6027
-9512
2782
-6846
9168
3362
8702
-3008
493
-186
9287
5470
-2565
8110
-7091
1722
-1056
-8491
-5949
1936
6980
-7311
6126
-8704
-1802
-8524
6231
-9491
-5717
-7770
-2965
-3665
-2289
2684
2002
8364
8644
-3943
7949
-7785
-4440
9608
5285
-9049
-1398
-1064
-79
-6144
3733
-6259
-1559
3748
7193
-7197
-8467
7969
-6787
3108
4793
1316
-2735
9691
8697
8615
-3170
-4948
4936
-2569
7522
-8779
-5353
4621
5460
-5938
2994
7090
-5134
-3946
-3754
887
-2446
-212
7146
8955
5932
-2946
-7238
2171
-465
-3583
47
4746
8913
-1676
-2526
2068
3497
-5090
1730
2309
-977
-3961
-8042
-1463
-4698
-191
-3501
-9312
3188
-6497
-2361
-3413
6539
9453
6387
5249
-8235
-4575
-5108
-5354
8716
3131
3780
3532
-4089
-2916
-7344
8623
-4490
-3374
1956
-9344
8157
-4661
-7053
-5872
-8771
2532
-7290
7611
734
8622
7583
6533
-51
-4264
8424
1456
520
-3375
2889
4036
7788
8513
-9391
-1770
6427
2318
-184
9059
-1941
4351
3420
7887
-6098
2668
-7097
3617
8675
-8216
5574
7332
-7806
-6201
2570
-8011
8631
8981
-6073
6227
8011
4384
-781
3919
1480
4453
-81
4199
-9009
-9498
-8659
7177
-411
1901
935
-6923
6970
9301
4573
-2011
5786
-1957
-2827
-2079
-908
-4887
-9572
-281
3704
-9602
-7171
9911
4468
5967
3691
5374
1283
8178
-8039
-6235
1771
-6695
-5617
4416
934
-4526
-1638
4254
-5866
-3205
9211
-9738
-4860
490
2406
-4581
2804
-5282
-3214
-8437
4663
2298
-3397
-4841
1118
-6461
6052
6289
3438
-3963
-335
9366
-687
8695
5968
362
3953
2684
-3
-3687
-7350
411
-707
-381
-1608
9838
6509
4570
-8364
-8348
9295
-6853
-2518
6100
3069
5200
-9180
2433
-6474
-6072
-6593
514
-8558
2556
2475
-2393
-4299
-6543
-4663
-8494
9828
-4124
2406
9505
-8378
4479
2098
1553
-8346
1682
5118
-9626
3173
-9902
5026
8313
-917
-2815
-9529
-6080
3033
-5899
9665
7126
-1481
2892
-3488
-4389
2645
-9320
7651
9001
-3107
4598
4376
7044
7507
1615
-3512
6171
5343
-1982
-116
-6085
-7951
328
-5402
9410
5173
8536
-8074
-4069
5077
-9217
-8293
3826
-7877
-5572
6867
1310
1326
8055
-8046
1244
-4449
7955
9886
-9593
5100
-9370
1821
2867
-1382
463
-7598
4347
-5150
-6972
6165
-3311
1551
-6264
8165
9719
-9720
-1044
-1827
-263
1851
-4244
-9589
-820
5831
-2684
-6877
-3333
-415
-6657
-1781
2157
-2347
-3847
-6948
-9927
4185
-2602
1000
-5082
-359
-3347
-8691
-1551
-4431
141
7546
-6867
3266
-3515
-4588
-1894
-3328
-3281
-8913
4063
1602
-8419
-7164
9494
-3299
-5195
-3424
-1406
8514
7442
-260
9932
3315
1373
-9952
-6822
6309
1613
-7362
2143
-6747
4703
8752
6295
-5009
2108
4461
-5049
2489
4395
-9075
-8754
-2760
-1325
4310
5403
-7915
3865
8487
-5409
8156
-6946
8210
1773
-735
-2952
3440
-2549
-5781
-2335
-1491
6905
6368
-1344
9702
2204
-7102
-2326
-2468
3004
7703
-2088
9606
447
5943
-4253
8123
9733
-5771
-1096
5561
-5716
1272
-2517
-8649
8489
-2963
-4500
-1467
-3543
796
-2279
1819
-1717
-9052
6027
-9597
-7723
3965
5133
-3761
-1089
2122
-5928
-7232
1810
-3985
-6711
2942
1069
-5586
-663
-5808
-2219
5677
-5974
-9462
5804
5675
5561
-9209
4108
4775
-915
-9819
3148
-698
-3557
-2132
-1246
4252
-2369
-567
5846
-7821
-7038
2128
-926
901
9587
2917
-8650
4400
423
-5800
4220
8010
-5022
-4399
-7572
-6901
3300
-8169
-3948
9282
-3916
-1455
-5503
-3556
-730
-1085
8664
-1380
-8051
-9360
-2854
3113
-5397
7879
-6817
-14
-2764
7315
-3864
-3342
2962
-5866
8662
-2021
-3542
-8193
-3335
2350
1847
1791
9715
6063
-4944
-9111
5363
8196
7526
-3958
-9144
8812
-8539
26
2188
-7256
2054
-655
7385
-68
-7582
7846
5183
3688
-2548
5643
-2462
-7545
-1099
-5224
8807
7178
786
-7985
-1168
-9908
-593
-410
2934
-1098
1510
-9859
-9985
-5793
-8665
-4321
-9336
-3738
1735
-9726
-5499
-6440
3697
5710
6215
-9727
-1060
716
-4379
-3858
1349
7334
6158
-7383
6879
6714
-2773
881
6123
-7461
98
4211
-5436
-5135
3371
-802
-3926
2414
923
-918
4500
6075
4907
5406
8200
-3884
8921
-9263
9076
8279
-3901
-7325
2192
-4160
-8389
-4517
-6412
3895
7386
9664
9091
2260
-5234
1672
5747
-9880
-2135
-5949
-1167
6874
-2908
-1145
-8569
9933
3330
-1081
-2024
3652
-8921
-2898
-2930
5943
7235
-4226
-8078
-5246
-7763
6992
-788
419
-3083
-6509
-4418
-1036
1310
-3615
-6062
-2450
615
-5884
-5546
5098
-9112
-62
-8958
9160
-7406
-1905
-7486
-1079
4614
-9479
7924
-8803
9838
-8093
1056
2604
-9821
-5985
740
7795
8573
1809
-5097
6117
7869
-6789
-7152
-2263
1733
1990
2935
2559
-8564
5184
-7556
399
-138
-8542
-9941
-200
8283
-1353
9120
-1522
3449
-5661
5385
2841
-8639
5351
1780
521
-5117
-5697
-9980
4738
8391
-4761
5457
-6474
-8321
5340
9862
8349
1508
3489
274
-6056
8975
5191
-9611
-1060
9850
7478
-3812
6480
-3329
-8305
-8899
2609
-642
9571
-2840
492
-9283
3583
7652
-8820
2125
-8032
-9744
2588
7314
-9602
-2702
-4277
2743
2676
4191
-7408
7325
6462
4801
-3005
2862
1462
4823
3551
2934
-1361
-3713
6560
9234
5894
-4519
-7171
7666
9973
-3908
7147
-552
-7064
7843
-9105
6429
7286
-8915
-5344
890
4219
-9585
7186
2959
4464
278
9846
6289
-5765
-6179
-9486
-4118
-9093
5068
-9251
3588
-1382
-8476
5168
-1451
3927
2951
-7230
7273
-3019
421
1462
-4218
8470
7769
333
8468
-5702
1280
7067
6074
8460
-5399
9350
3191
545
-2083
-2316
9848
2948
1011
4327
-2954
2222
7891
7748
4730
-9464
8959
9940
8549
93
-5151
9664
9666
3754
-6779
8325
5782
6866
-1000
-7368
-9991
6408
1563
-3326
-7689
6427
-1618
-2622
-8752
-8147
3646
2126
-8599
4041
-6866
-8963
-7009
290
9376
-9124
706
7458
-1223
3111
-1365
2804
322
-8233
2508
-4470
-1001
-1540
-4649
5286
-3863
3946
6091
9686
-2533
-4406
-1620
3620
5351
-9072
-9574
1228
680
8338
4856
-7142
-5402
1298
-299
-3309
8410
3086
-1188
264
-2934
5715
-1039
5301
3598
-8809
5308
5492
-7296
-6784
-6884
-6026
-181
8642
-3357
3833
5150
8534
-1214
-8893
2046
2791
-5086
1149
9575
4367
5215
3001
-681
-8932
799
5873
-1219
-1464
7452
172
-9568
5937
-1665
4257
-3093
2403
-4043
9724
-6755
-4170
-7429
4825
-4662
-4618
-288
-1948
6581
-7866
-6547
364
2469
2939
-2960
6701
1858
6127
-4081
-6959
4969
107
-7934
-7259
-5140
1356
-1322
-101
-333
-5100
-1031
-1507
-6472
2886
-654
-8997
-2474
7246
7127
-3307
-7116
-2247
-366
-3453
-9390
9963
-4761
9173
4290
-1510
-6227
6307
-629
-946
-4009
8278
9943
1120
-3376
4099
9880
3991
-3609
-4750
-9884
3626
3152
-2971
2296
-6235
7758
5244
-1293
-1299
7775
-8531
1854
-1172
2226
-9886
3625
-335
4785
996
5757
-9667
-7993
6370
-884
-5530
1953
-3192
7471
-6279
-588
8546
8939
-4159
-959
-3655
-2149
904
-4227
-6190
-6330
-3666
6240
-8673
-8874
3421
2976
-3494
8979
-2109
-5635
-9513
8137
-7512
-3105
-8283
958
-9150
8644
-9431
-3565
2143
5663
-1359
7949
-2335
-1393
458
5713
4610
6508
-336
3141
5530
-4910
-7627
-2815
-3128
-5247
191
4481
-3661
2972
6973
8173
-5050
-7254
-5927
8790
2922
-6688
6689
393
1339
-118
-3137
3057
4726
7111
3466
-1054
-5259
4942
-6904
5752
-425
-7319
-4975
-9158
-8101
-5450
-2374
5361
-8555
8549
1892
-1688
-8922
7509
52
8033
1697
-1373
-861
3195
1036
7045
1380
62
1508
7025
-7266
420
-5700
-7888
1001
-8824
-9654
-7001
-7591
5252
-2093
-9992
-3729
-4926
690
2146
9353
9715
3165
-7304
-3602
-6581
-7622
8350
-3109
445
8928
6315
5874
-4128
4307
-910
8345
9761
-9711
9892
4468
-7740
6089
6110
6878
8656
6622
-7547
-5405
-5605
-7011
6921
1314
8773
-8864
2069
-4160
2836
-2806
2276
-2456
9990
1512
-6721
-5141
-1528
-256
7722
-1401
-7960
9313
-8088
3469
-7159
6514
-6876
-261
-8749
-5284
-1738
-2671
7988
-4897
1644
-7923
3980
9964
-1690
-2742
-5483
-2792
3564
-3885
-1767
-9077
6745
9838
-5318
-4502
-7107
-5
2624
1527
-6379
7513
5314
-9671
256
-8066
-8125
9598
3821
-4321
1801
3667
1923
2456
-4568
2605
-3171
6829
1902
-8073
-1874
2240
-5497
-3121
-4748
7214
-8051
-3590
-5790
507
-2488
-7614
-9977
6653
-8388
6656
-4342
3439
8291
-4896
-9105
-2664
-6476
9851
-8959
8369
1739
8729
6275
8082
-8214
5750
-1378
-6679
4094
-9144
8767
-3042
-6120
-6847
-2478
3054
4589
-3834
-1848
-932
3910
-59
-2151
-5639
-2483
-5666
2563
1215
-7170
4790
4988
9071
5856
-9895
-3007
-9548
-2830
8543
-4667
-6071
3594
-9865
1152
8826
-1436
-8978
-3149
-241
1088
-2059
-4327
9491
3253
3734
3869
-8032
-5724
-6030
8954
7977
3822
195
-5478
-1616
978
-3591
-7061
-1258
1089
-6096
-1061
-2199
-5046
-5110
-606
-8629
779
-2397
265
4505
6509
7066
-7542
2218
4551
3903
9853
2108
-5587
-4770
2558
6964
7578
-3832
1969
8211
-8310
631
-2665
597
-9607
2512
-2200
-8264
-10
5742
-6380
6489
-6538
-6624
-8856
-9145
-7091
7183
-6770
-5970
8797
7378
-3372
2713
9028
6773
-8885
789
1906
-4494
6081
-1479
-5182
3022
739
3495
9197
105
-761
3398
-4965
-6366
-8343
-8150
3067
-3755
-2144
4421
6611
6693
-2827
7431
8033
-7785
-9819
-2405
-4776
-6530
4944
1912
-3904
2965
-4633
8080
-7229
-4600
4292
5797
8069
7845
-2408
6097
-3813
-117
3349
-4543
7892
-1074
3385
-9935
6862
6727
-5752
7363
-4458
1322
-3811
-1214
3874
1773
-1451
8043
9753
-2962
39
-8651
-8732
-5326
2251
-7602
9252
8822
-76
3940
1170
-6640
-5130
-5155
2800
-1385
1958
-3039
6063
-145
7079
-1158
-465
-614
147
865
1624
4834
208
-436
915
-2587
-789
5660
-9303
-5289
-784
-8691
9148
-4170
1763
-1146
-105
7667
1428
-5974
9036
-4192
-1278
-8016
222
-886
-71
-1597
-6753
378
-4384
-2481
-9498
8784
259
9489
-9888
-4367
-5138
7346
-4516
7223
-2719
-6338
-2653
39
-5206
8555
-1851
4579
-6505
-4756
-938
1610
5673
6296
995
1606
8045
-1369
-8152
-1853
-6733
-8174
-2706
4251
5818
5139
-9878
2448
6062
-7203
3194
9999
8536
3776
-8824
7079
1770
-1446
2855
9039
831
-1603
8892
7060
2419
9651
803
3149
7201
889
-9324
-5460
-1049
9733
4505
-7732
-1190
5829
4557
6486
-9073
3736
-2079
3837
5372
-1640
-3340
7281
-9873
-7331
-8389
-5297
9180
952
4009
-5714
-1
-4000
-6116
6983
1938
-3452
-6322
-8352
9066
6746
-5679
5451
-4159
-6464
970
244
-1845
3511
1408
813
4022
-4946
-5799
-9814
7755
2176
-5395
9239
5232
130
-3151
3444
2429
-5976
1631
-9276
1791
2406
-1144
1223
-3171
-1381
9027
-6394
-8342
9125
-6485
-8136
7155
-7575
3947
-7368
9436
5702
-2876
4849
5289
-7821
1793
2590
-7153
4537
-1865
1367
3813
-2313
-5787
7086
880
-694
-9260
537
9633
-5991
5219
-3103
777
-9746
-7785
47
5040
4062
-5250
5695
-3423
-7341
7126
7146
-7387
7077
-5438
3090
7747
-6376
-7001
-1988
-9971
-2898
8699
-493
9532
-9656
481
-4651
3237
-9869
-8815
-1223
-37
-9719
4114
-8617
62
8992
1880
-5184
-3403
1696
-7826
-1063
796
2804
-2512
-3324
-9736
-3437
-8522
-9561
6919
-9085
-3708
1190
7038
-8776
3002
-7709
5196
4762
-336
6122
-1029
8890
6579
5614
8758
-7565
-2562
1420
3733
878
9988
6089
1022
7400
8071
-5729
4509
1587
6634
2931
9554
-1011
-7977
2618
4198
-1379
2299
4226
19
-5539
8392
5508
1805
2928
787
-63
5383
-7619
-71
1964
-6323
-1421
7397
-9649
6989
-9590
-1085
-7517
-6684
-2119
-5874
5131
70
8996
9149
9201
3366
-6786
8615
7649
-2286
6197
9017
-4946
5685
-1263
-652
-1750
9824
3630
4771
1980
-5256
5531
1154
8492
-798
4640
-410
7722
-7764
9332
3282
5547
-4833
-6304
1836
-5642
-5036
3733
8572
455
3039
-1355
-7845
-4652
-9763
5847
-4177
5632
-2936
8664
4471
2580
7098
9048
8621
-3580
-1069
-5100
1391
1967
-4872
2291
151
-5718
5316
1550
5420
-8617
-9142
-7907
4405
-6063
7699
-2913
-3851
-7618
2191
8729
-9135
-9781
-1574
9984
567
-569
-7150
4189
-2482
4844
-784
-4541
-8979
5431
2820
2637
-8822
-9788
6948
-8857
5682
7252
1277
-5436
-983
9255
-147
8820
9653
5038
7740
-577
3192
8944
6067
6004
-3260
-4039
-1663
5487
-2961
-6638
9133
-9063
9456
9686
-2517
-9279
-725
3795
7004
-7248
-2836
3568
-6683
7686
1937
4429
1260
-966
6287
3307
5970
6855
8493
-611
-831
5797
565
9196
8809
-2665
-5712
-3851
-18
1942
6000
-3968
-7672
-2606
-3825
-2715
4268
-8118
7331
-4787
-6273
9196
5145
7621
563
-6953
-4298
-4192
-7333
-7650
-54
-4939
33
2489
-1829
-9730
-1398
7200
3705
1396
-4011
6905
-1820
-8326
-4299
9892
6938
-7621
-7329
8591
-5953
497
4706
3407
-238
565
9855
9614
3439
8519
-9299
7864
-2172
-7173
-46
-4739
2316
-3828
2544
-4520
3586
-7337
844
215
4081
3495
-1898
-3852
9361
1785
8912
5992
-341
659
-5029
-446
6568
-7606
6232
-108
-4885
8607
7045
-7119
7292
-2482
-1398
-8397
5052
-4506
7708
4007
1126
-7256
-9916
-7524
-8514
3258
-2457
-9645
-5714
6925
1282
-3602
-4967
732
8891
-9110
1076
-7902
-8388
-4235
6538
-7483
7327
-4116
-2755
1371
-777
-525
6058
-1361
-1255
-3195
6956
-7710
1237
4491
-7634
974
3066
2104
6542
-5819
91
-6820
2673
-8979
-6795
-5426
-333
-1067
7469
-9410
3409
-3170
2669
4866
940
-2401
-4882
1036
2793
-1804
-9125
6673
8639
-7328
6034
-305
-7145
1394
7576
5302
3436
551
-9033
-2273
1183
-7830
7302
-1288
-7089
-1458
-5008
7397
7298
8578
-6909
-3130
3501
8427
1791
668
-8868
9671
1258
-2465
-548
-3958
1896
1675
7901
7209
4309
8068
-5263
372
7405
8466
9431
3272
-6733
2173
-1812
5332
2931
3512
-3033
561
-5222
-3587
-7950
-4263
-4061
5687
-956
9916
689
-760
8828
-2042
-1514
-8785
3748
-2230
-9671
-6145
4963
277
6398
-5427
-1925
2458
3945
3051
7172
1777
5081
8993
-101
-1029
-6424
8291
2586
4845
6312
9540
9789
8130
6665
5485
7055
6717
-4715
3753
-7892
9708
-7523
1496
-3905
-3999
504
-7962
5422
-8781
-7535
-1927
8583
3143
3282
-6510
4707
-4196
-3030
-3238
-2684
-4741
826
-6330
4051
-4737
-7812
1086
6477
3494
6653
-1846
-3325
-1099
-334
-4310
3282
4707
-5883
7998
-9633
-8162
1780
-9118
8581
4385
-3298
-7749
-4684
-8939
-1675
5328
7868
-4872
9792
2802
3089
-7459
847
-9675
-9135
-9709
9516
-3527
-486
-5408
4063
-3995
-2507
9845
3495
-1850
7220
5891
9552
4839
2561
-1727
-9808
1651
-9131
9715
8174
3107
-2460
-4161
-5238
1902
-9212
-816
9519
-8353
-7552
3550
8988
-8466
503
6639
-458
8358
-3730
-8718
8306
3420
8265
-8803
-2946
1933
-9693
-9890
-988
-6805
-3444
-3997
3549
6440
7951
4905
-7584
8405
5336
-9135
7207
-3942
2684
-1809
-9299
-5352
-8167
-7181
5225
-6702
9163
7930
498
1414
-1742
-8467
-8095
6743
1185
9041
2857
-5147
6395
-6220
3576
6071
-2840
7721
-8576
817
6391
3297
991
6446
6297
6044
-2476
-2196
-2794
-6441
-6434
8136
741
-3086
-1598
-8065
-3928
5358
6177
-7553
-5557
6573
-8059
9613
561
-8410
-3109
6180
4869
3417
-4127
3582
1353
-846
-732
1770
2406
2508
8841
1751
5549
6517
8676
-3179
1848
9114
-7998
4862
-1802
-1307
-7885
2960
-6182
8726
-1104
-7981
1041
6423
-5044
-3540
-4038
-6929
-3833
-4656
704
-9766
-3567
-7278
4209
7858
167
-511
-995
-4957
-6572
-1456
9693
-6863
3933
6964
1150
-8438
3658
-2727
-7786
-9764
8658
-4118
3661
-7367
-1469
-218
202
2391
2003
4136
-6648
1474
3530
-1475
5037
-391
-3718
-4246
8977
-9417
-7119
-324
8923
270
-7307
-9945
3492
-7646
-7484
4913
-2379
3493
-5657
-4186
-2113
-8068
3541
-3671
5297
6956
-1070
5407
8615
-3325
869
9513
6319
6819
-4293
-1328
7752
-1663
-4972
-7893
2379
-3695
-6285
724
-3059
-9395
-4613
4392
5332
7566
-4529
-1723
5283
-3645
-2884
-8727
5202
-1147
1746
6354
9719
7542
5571
-2084
-7624
-5010
5278
1985
-7946
8337
-7846
3761
-6001
-760
2580
3261
618
3634
3151
-8577
2655
-2203
4237
2716
-9339
6073
789
1019
1927
-5749
-4795
3090
4055
-3634
7661
2864
-8095
-7731
9188
6849
9795
2013
-8821
-113
6878
-5243
5102
736
-8194
-3517
-1756
-7997
4107
2049
6504
-5430
3042
-9067
-5705
273
1201
-3848
9550
6131
-6871
-6136
7059
-4397
5740
7143
2679
-3852
2263
-6895
-9641
7907
-8478
-1731
4522
4636
5349
-7227
-5174
69
9860
8224
-9267
-7362
-8532
2972
4256
370
-7198
9891
-8210
-4607
1504
2484
9127
-9744
1964
-7966
-6807
-4868
-6893
7164
4631
-9325
7505
3698
-5567
-1937
-382
-5443
-2397
-3075
7312
-9808
-7721
-8423
-1565
-8203
-9273
3713
-6602
6857
4554
-1773
1549
-7408
-9321
163
-280
-1466
-5761
-9373
8596
851
7548
-1988
8521
6622
-7791
4057
-228
5168
-1503
-3659
9103
3245
-3210
-8184
1880
9773
9767
-7065
-1822
-5375
1728
7648
-943
-3922
8327
-1252
4151
-931
-66
2616
2502
-4653
3729
-1348
7982
1512
-7561
-3507
-4503
3880
-7123
5524
-1214
8593
-255
-4794
-1155
5242
-1029
-1724
1829
-7178
-3084
6354
-890
-6299
-602
1621
6615
6895
8660
4229
-699
9346
-8729
-4594
-705
7566
7665
-6097
-2252
-9692
1765
414
-1736
-8000
-4598
-2186
-9636
-9154
-563
-5238
2512
7765
-8564
1290
-2420
5879
-3399
6752
-7302
5915
-8492
-7649
176
9033
106
-8309
7284
6954
-2850
-9927
-6550
6880
-5957
-972
8390
5363
-7232
1028
-969
9551
-317
6906
-3812
-6079
-8167
4423
-8889
-6406
1000
4400
7471
8742
-5539
8024
8248
288
6941
4812
-247
-4378
9890
3499
3914
2609
-7556
5407
-3462
-7194
1258
6473
6913
-1062
7039
-583
9519
1210
8077
3038
-1072
5699
4805
5628
-4064
-1796
813
5595
1171
-7928
8066
7264
7364
8617
-7139
-6422
-3034
-9376
329
-3031
-6172
-2300
3719
-8366
4713
-3924
3705
1797
-877
4366
8715
6700
4969
-3212
-1422
-4550
-2503
9666
1622
1577
-6642
4427
9335
5940
-1709
-3396
1324
-9734
3658
-1816
3658
-4901
3538
1249
-6754
-5501
8131
-6282
444
6696
-3310
-7914
7748
-5035
-6727
-7052
-4483
5024
-2147
8445
5428
-9936
939
-989
-8842
5543
-4553
-122
-1153
-5871
-4317
502
-4909
1086
1845
8243
-3508
4766
-4024
5036
7788
-6897
8468
9201
8741
-6861
2705
-9670
2214
-4229
3981
8988
2041
6481
4702
-6164
1837
499
9910
4195
-5245
1793
848
8211
7015
-5816
1330
114
-817
-9417
-3728
9142
1312
5218
-1649
5610
8497
-7617
5333
7656
-1448
-8581
8702
9197
-5386
3794
5799
4883
4871
9895
5869
1606
-3039
-1209
9559
-4099
5480
9203
4411
-8209
-7893
8297
-9065
-4799
-4057
1623
3225
-9177
8292
-6492
-4515
-9484
5917
-1322
-7190
2214
9109
-8715
-5312
3764
732
-476
1857
-4314
4236
3620
6341
4741
-9026
3170
4008
2650
-9659
6460
-6065
-8846
5553
6326
4108
-5243
-5102
-1058
9753
-1645
-4455
7068
-9480
-3129
-7439
-766
-2794
-2028
-9163
-1661
-7933
-5477
-3824
-6113
-4773
66
-3010
164
-764
-4739
-3904
7605
3469
-8058
3591
-7567
4975
9716
4018
3785
8652
-5012
-2173
-4130
8196
5468
6047
-4312
-1889
-7700
-5061
6324
-8179
-6449
-7413
115
4388
4389
8529
9732
77
8440
-856
-5269
-7276
1124
-4337
3338
9943
8553
-5911
7348
-6978
-3277
9314
4953
-2403
-3111
8804
-8512
759
5738
6104
-1840
-8950
-2029
-1446
7667
3855
-1013
7429
3155
6524
-8248
-1143
4240
-3846
-7024
9895
1798
3852
-8081
8298
2658
6585
5716
941
-1143
-9643
-8290
-453
-5323
4782
4323
2356
538
717
7918
6430
5650
8350
-9123
-3376
5178
-5170
1013
884
7882
9315
-4346
-2029
-112
-800
431
-4277
-2048
5577
2492
2929
-1401
-4418
-2044
-1212
-7992
6550
4095
-1275
4869
-7734
-4592
-9785
3152
4777
3631
2978
313
-2325
1571
-8607
-6523
5530
-7562
7984
7429
-6719
867
-193
6220
-6450
-6293
3604
-220
-5490
-6067
-6121
-9494
3497
4106
8250
-3706
6575
3001
-7565
-4702
7066
1206
3464
-8041
-8623
2989
2337
-4079
8797
3368
9360
1477
-1580
4622
9820
-5790
-9226
-7826
2471
4193
2033
-5311
2442
-7533
7003
4051
-6890
-8405
-8613
3244
9437
-8470
5186
-242
-1282
-3588
-4323
1622
-234
-5185
-6745
-6470
7118
-1341
-7222
7206
-9161
859
-9455
-1313
3084
-5893
9072
-2235
-2353
-5320
2529
1954
6986
5297
3855
6343
-975
-7237
-2133
-4648
-8755
9063
7121
4627
9519
-8144
-1608
4432
5567
-8742
-9069
-9122
8536
6777
-614
1020
-2173
660
-8438
191
-8130
756
3223
-6032
4063
6283
176
5388
-1130
-9567
1846
-3999
-7037
6022
9742
9323
2125
-6780
-7875
1027
990
-6208
2328
5742
3319
-8442
-7557
-4712
-4615
-5379
-3477
-7475
3714
-2681
2702
-17
7954
-9624
9529
-8561
-4832
-5956
-5753
2322
-5357
-3888
3673
3001
-9347
-2313
-6998
7971
-6842
5345
2552
7924
1411
6085
-6656
1296
-1428
-8816
6559
-9904
3965
-1507
-2712
4434
8481
529
4636
-6905
-2292
777
8065
6138
-6307
-8723
-8539
1557
6129
-7541
8671
-6815
-1611
4898
-4589
-2616
-748
-5105
-7035
-1559
-9942
-2506
1978
-6491
-717
-416
-5040
2794
2557
1239
-3062
-5408
8584
-6295
-8714
-1658
8615
5128
-5774
1015
3920
-6429
-7356
-8765
8790
-892
-1949
1444
-8398
1580
-2539
7194
-225
-3992
-1372
6537
7618
2917
4248
8036
7582
-2897
1175
9230
4992
9505
-8407
-5132
-7602
2354
3449
-5707
-9370
3896
5082
9029
2270
2031
6539
-1875
5851
2730
2340
-9022
3258
-9756
2833
2940
-9168
2247
-4765
-6819
-1997
6061
-1455
1055
1626
9644
-9161
-1358
1060
-1280
-898
-5100
1109
5533
-8773
-2731
9693
8689
-8355
5031
5451
9961
5381
3528
-3939
2341
878
1997
4662
-9653
7645
4532
9438
-7188
4039
-5127
-3036
-2187
3874
-8021
-3217
7166
9237
-9726
-4999
1908
-7723
-9427
962
-4628
-6385
5458
5310
4161
6051
-5059
-8667
-5723
-3618
-753
2888
9144
4549
2361
6353
9797
5118
-2305
-502
-8235
3405
6349
-5362
6237
5074
9184
-7126
-8234
7219
-8827
-473
-8716
288
-2983
-6966
-9248
-4777
-7326
6318
7242
7389
50
7712
-4687
3630
-3215
3691
-1892
-1900
1634
-1825
9891
-4242
-2569
57
3093
8713
9387
-2494
2638
-140
-1475
9815
1575
7231
8500
1258
-2209
-4814
-3088
-1328
915
-1890
7886
-3666
-5119
4646
6352
7248
-2673
-5790
8750
-9072
-2216
9082
8722
5798
8682
-6006
-2334
1551
3743
7715
-9743
6189
8639
-13
-5988
-9064
-9611
-6196
3598
585
-1786
1855
8493
3714
5572
-3045
-8457
5609
6783
-5473
441
169
-536
-788
135
-3767
9090
-6555
6531
2907
5273
36
-5407
369
6217
-9226
4310
-747
6922
-2006
-5981
-1167
-5607
-2209
-8232
4347
-84
-2434
-8254
5736
5743
-5360
-1131
4454
-6495
9989
7929
8553
-351
9424
2771
932
-1769
-2169
1744
-9076
4618
8283
947
5814
-7707
6678
9558
-4900
2584
-5365
-9917
-1635
-5513
6033
9611
4864
2888
3500
9195
-332
7867
2479
-4257
-4020
9421
5388
2731
-2207
8317
-2242
9534
-7317
4608
-8716
-5600
3537
-3045
-8540
-3518
-8067
4672
7453
-7873
7894
5361
-4289
-3737
-6376
6946
6898
-749
1252
-8703
6635
-135
-2011
-6097
9249
-9583
-1968
-6251
-3490
2639
-5493
-3137
-1052
-309
6797
-8653
182
-4800
8676
5450
2883
-5856
5765
5853
2584
-633
5839
6522
9086
3277
-4836
-8230
4516
6644
1280
-6763
1495
-4010
8891
-8309
4685
-6311
1450
-1921
338
-6354
-9301
4165
-6223
-4788
-2652
-5932
-3765
3304
-4224
-9061
-7727
-7169
-1821
-2913
-5548
3462
8610
1548
3558
9729
-8930
377
-6114
2531
-494
-5792
3455
8819
1510
8273
-7770
643
-2558
-5761
-2508
3341
429
6651
5313
-6021
6668
6676
-1507
-4732
-7368
8237
998
-5216
-4613
9040
-1429
2243
2183
-1194
2352
4197
7957
-836
-872
-8740
-5433
3805
5806
-1777
-7773
3651
-7660
-4174
7268
3587
-2785
926
4862
770
2382
-9460
3883
1116
-3798
-4844
-306
2039
-6194
3988
-4233
5705
-8045
-247
8387
1693
-8101
8828
9179
9716
4139
1644
9901
-905
-7272
-942
-3496
-688
-9255
-8990
-3520
596
3893
706
3728
1506
-461
721
5076
-2977
4249
-9938
-2895
-7487
1316
-2414
5869
-6343
5563
5833
-2997
7619
-6263
8028
-4701
-80
-3022
-8111
-5654
-313
3757
190
-9538
3176
5178
-4467
4736
4908
20
-8726
-8653
5694
9643
8379
9439
8591
-2445
-6232
5313
-289
1775
6688
633
-581
-6549
-5735
-790
-5382
-5115
5417
-1629
5875
-5930
-6034
29
-4209
-2466
8428
-8671
5275
-5516
-3144
-8568
-32
887
2202
-4500
-5670
-3390
-1765
-2735
3137
5737
1175
-146
2401
5471
7441
-7752
-4662
4804
-8269
-4877
4201
1621
3638
-6822
-5697
2813
-5906
950
2844
-9755
5538
-5756
-2465
188
-3747
2060
2432
2243
6226
8944
7207
-5214
-3017
7284
-327
5197
3783
-9570
-330
3135
4888
9373
-4116
-9819
678
5903
-8126
6085
-7581
-9835
-4406
9122
2323
-4047
-6736
6674
1851
1044
-2837
7710
-6451
36
-3804
4424
-9358
8077
2373
-2210
-3495
-8777
-8320
-1261
-1521
4524
4899
8268
2895
3478
-5212
4517
-876
3218
-8169
6919
-7692
-1821
-1309
-6200
-6166
-3374
-9847
439
9452
7091
-258
-4987
-7236
-9588
6135
-9592
1274
4940
-1280
1711
8725
6798
7449
-897
-301
183
5445
-7597
-6436
8642
-1652
6935
6369
-2432
-4532
-407
-4910
4581
-9783
-7737
6400
4204
3733
2405
5819
-3085
8891
-3915
3870
4016
-8984
-5046
-5287
-3521
-2465
2373
9919
-4232
5033
-7636
-8057
6312
-917
3387
-5231
5065
8963
-5837
1195
2047
-9256
5439
-9694
9915
317
5473
-5824
6017
9233
4521
-7031
2191
5331
-2948
2896
8118
-1845
3324
-116
-5879
2438
8119
8914
5739
3518
7734
8294
-6427
800
-8641
-1536
-1076
-5718
8594
-8601
2541
55
3306
-697
5508
-3030
-7443
203
8480
3032
1236
6483
9744
-8000
3264
-4255
-590
-7158
3378
-3256
9542
728
-586
-5189
-4277
-121
-6387
-9358
-5395
-1765
9937
-6170
2659
9875
9999
-454
9931
-5282
-5943
8014
-1012
-2340
-7171
1222
-8971
-1804
7129
-37
6847
-5128
-5164
-3167
-7165
6747
2890
1098
3744
2479
5122
1974
-43
2317
-8534
-6844
6690
-6775
-7525
-227
-9245
-9480
7131
-1568
1812
-5466
-4812
-4606
3218
-8384
429
6734
3848
-2921
-9434
-3787
7968
2804
-6830
7185
8465
3723
-6093
5685
9560
8786
-3203
-1328
-8504
4188
2061
-1931
-3982
3557
-541
5326
3669
-4231
8196
-3487
-5900
-9771
3921
-3008
1114
6404
-2908
-6849
-5017
-1729
5945
-488
4422
2918
-9683
9128
-2513
-5582
-8329
-4429
6026
-1959
-748
-8680
-6210
-9039
4547
1202
2712
-6372
-6940
2017
-9519
3230
8323
4581
-3521
1467
5128
-9411
6874
4354
8039
-1970
8312
-2172
-8076
-7270
1957
-8271
6355
9866
-892
-7456
-4453
1187
-4344
-3786
-3041
-1084
6950
7104
6547
-5740
6583
-7187
1932
-6846
5401
9661
-9109
-7341
-4279
-1264
-6726
3293
1908
-6617
7085
9725
-1298
-1760
-1114
-629
-2774
-1599
-5505
1067
5011
9121
-4199
4829
-244
-3159
-6450
-9948
2390
1458
-8218
-6054
-9372
-4034
-2206
9739
-7006
8335
-5778
-7879
-3580
2823
5240
3314
-1191
-8459
-1630
-1436
681
1330
150
-5838
9540
-1488
7472
7317
4926
1871
3764
-188
-5931
8524
-7023
-1499
6394
7291
-8169
-7424
3925
-9681
7832
9629
-5922
-4895
9539
-2079
-5661
2798
6268
-1651
-8164
7994
8677
7509
1450
-4929
-9610
1505
-2972
7997
9564
-5664
-49
8162
-8481
2823
5231
-2786
7834
3744
-2583
3357
-1523
-2443
2240
-9512
7862
-6441
2357
7703
-7850
-5011
-5738
-6564
1695
5811
148
8132
3494
-1198
7491
4762
-3449
-7095
-779
-8672
-6224
-1748
1618
-7111
1427
3846
5122
-8414
6309
-3472
1293
4301
-3218
-3032
1996
5936
-9336
5447
-872
3755
-3740
-3267
-4929
6304
825
2336
-483
4055
329
3252
5490
261
-2548
-6554
5842
-9405
8148
-3618
-9470
2301
-2944
2115
-3632
-5507
7316
2472
4875
1975
3131
-3957
4495
2685
-9189
-4861
5843
-7689
-9615
6861
-7564
-988
9977
-4492
2331
-5284
5441
4972
9931
1155
9370
6340
8123
-4993
-4307
7732
4746
3206
3189
-2807
-7411
9852
6332
8805
6351
-788
-1541
-8981
-8931
-4919
-507
-2276
-7661
-1915
-818
-5537
-6580
-9942
7240
-5020
944
-1118
4518
5482
6384
1704
-3447
-1391
-1537
-4295
668
-6855
3210
5456
4939
-7367
3914
-173
6287
-2048
-7066
-5666
-5469
-9804
-9337
-2825
9357
5778
1881
-4243
-2112
3704
-6109
6005
-1212
-3472
-9706
8301
-6522
8418
2698
-8638
5010
2482
-9676
-2380
-4664
4803
-9187
9881
-1816
-5960
-3520
-9124
3728
1519
-1083
4086
-6870
7956
-6270
9280
-5754
-5705
5227
-8789
-6597
6338
2798
7377
-891
-3796
2154
-6253
6567
-5938
1771
-1069
-428
6435
-5134
-2087
2448
9760
8817
9210
-5092
-7479
8055
-1535
6807
-4100
3225
-9143
-9880
7871
5236
-4590
2933
-1817
1203
7584
-2082
-2759
-9214
-4006
3469
2317
-6861
332
6777
-4270
-8675
4750
9854
-9966
5451
-7413
-8922
-2398
4893
6623
4186
-8437
8321
5266
-5475
-4381
-3747
-7252
-3053
-5435
-4491
2568
-4133
-9204
1636
-8433
-6230
2471
-9895
9002
1054
6846
9773
-6109
6986
-9100
6132
-6890
-9349
4394
-1600
3793
378
9417
5432
-3388
-2307
-2355
4244
469
-4464
-4228
9179
-9613
-222
-5179
9589
-6902
2808
9195
-3223
-4830
9548
-7966
6564
-1497
-7724
-5729
8740
-3949
2384
95
9385
-2897
8900
-9666
-4850
-9626
4278
6651
-4335
-2318
-6622
8694
7339
-5354
6895
-8121
2501
-5867
-9011
7645
6284
5724
2978
-8273
1717
-718
9911
9207
-8603
-3473
-1612
1371
-808
-4463
2280
3793
2708
1215
-7743
7151
7945
1603
7438
5458
-5047
9252
3042
1308
6303
-4565
-4135
5089
-5721
-6072
3144
-4777
9298
-8695
-9738
675
2507
-3702
3473
-1392
-4704
9455
-6570
7915
2580
1430
2935
-6194
6726
2814
-5263
6373
1185
-8629
2287
-4757
6325
1557
8750
-2315
-5195
2500
-5257
47
-3886
-168
-3923
6463
3879
-4608
-9501
-8634
-4583
8307
-6257
-6114
6459
-9986
4514
7915
-7438
-1046
-2107
-2790
-2222
-9100
-6289
-8350
-584
-3658
-6551
-1773
6711
-3996
2654
7429
-8907
-5966
-9510
2565
8592
5851
-4973
-355
3609
-2991
-5966
-8763
5801
7588
6460
5847
8366
-2012
2685
-6856
-8881
7198
-8574
559
5677
-7038
7307
1768
7043
9709
-1210
-4236
3128
1836
-6439
366
-7351
2107
-3598
-365
-4083
-5507
6361
-6410
1434
-5727
-4472
-5564
-840
-5398
-925
7129
-1524
-8015
-8056
9889
-3853
2722
-7634
-6710
-222
3778
-9828
8334
4256
6437
7304
-2205
-4498
1791
9510
933
-7392
8286
7273
7106
5138
-665
567
5349
2626
1368
5865
9915
364
-6916
-978
6350
4440
6079
-4250
6172
9609
7510
540
-9478
3312
-9268
1256
-3200
-6002
-9521
-3560
-2237
-4964
1759
5384
1918
-2179
8113
9139
75
-4604
2240
-1865
-1811
-4722
-8377
5644
-1496
-2150
-6945
-1662
-1599
-4696
2016
5213
4843
-4814
-7545
-3863
8631
7844
-9477
8786
2044
4890
5744
2021
8954
3544
-8711
-9827
3679
2585
-3885
-8174
9360
3438
448
-4261
519
-8862
-2043
3732
3086
3637
7838
3956
3569
5767
-706
1631
-9303
9225
-4363
-648
-7303
7863
-9939
-3755
9500
7563
2851
1242
2867
-6315
-7365
-8674
-2941
6626
-3346
1820
-9883
-6806
-3195
7851
-8863
-409
3472
3102
9293
9502
4382
-328
6353
1622
-5467
4661
7937
-1974
606
4190
7119
5293
3227
-1805
-1468
7659
-8784
-7344
-7337
-266
-1408
2242
-6806
7711
7238
8104
3597
9531
9996
-3990
-4398
-5634
-689
1442
-8211
-5771
-9259
-9484
-448
6702
-5370
-4679
-9176
3511
3972
8553
-6471
-2521
6546
-8647
7686
-6119
-8737
997
-4939
7656
4776
2262
7977
-2171
5400
-1812
-5072
-980
-8516
3631
-4627
3590
7380
614
4117
-6257
-193
9881
-4586
8047
-2592
-7057
114
-1429
7045
-59
1898
2869
4963
-3120
4200
1633
9316
387
-4938
-5428
-5230
-629
-9461
-1386
8066
-5451
4106
-8264
4657
-1899
2002
-6483
5611
9638
6070
6995
-2877
122
5555
7345
-3981
-3615
9454
6131
-6325
8262
5149
-946
-2824
3893
2448
-4836
6189
-7964
1324
6
-4669
3659
7203
7064
-9588
9713
-1937
3205
-8011
5920
7833
3020
7631
8314
-4647
6063
348
-3597
4482
-7502
-2057
7163
8309
-1616
-3918
1566
-1291
6124
9888
2973
4210
-1972
306
-7495
-5642
-3158
6430
113
-9896
-7384
-1421
785
-9943
2390
4317
5920
837
-3568
-9542
3814
-7236
5159
7998
-8413
-3731
-1523
-711
-5462
-1893
-9446
-8049
-6332
295
-7660
-328
1114
-8553
-1082
9723
2538
5563
6116
7048
7057
9884
-4428
6535
-7573
6430
-2289
-5772
-6546
-6764
-4768
7051
-6155
2951
4684
1728
-3880
1905
726
4967
9190
